BSLD_pop,1,-0.0722,-0.0664,0.00256,0.0363,0.00303,-0.0105
d_pop,-0.0722,1,-0.112,0.0758,-0.795,0.327,0.231
g_pop,-0.0664,-0.112,1,-0.00598,0.204,-0.391,-0.0834
omega_BSLD,0.00256,0.0758,-0.00598,1,-0.0779,-0.0167,0.0204
omega_d,0.0363,-0.795,0.204,-0.0779,1,-0.392,-0.168
omega_g,0.00303,0.327,-0.391,-0.0167,-0.392,1,0.0265
a,-0.0105,0.231,-0.0834,0.0204,-0.168,0.0265,1
