BSLD_pop,0.0102,-6.32e-5,-0.00301,1.86e-5,1.72e-5,0.000109,-1.99e-5
d_pop,-6.32e-5,7.52e-5,-0.000435,4.72e-5,-3.25e-5,0.00101,3.75e-5
g_pop,-0.00301,-0.000435,0.201,-0.000193,0.000432,-0.0626,-0.000701
omega_BSLD,1.86e-5,4.72e-5,-0.000193,0.00516,-2.64e-5,-0.000429,2.75e-5
omega_d,1.72e-5,-3.25e-5,0.000432,-2.64e-5,2.22e-5,-0.000658,-1.48e-5
omega_g,0.000109,0.00101,-0.0626,-0.000429,-0.000658,0.127,0.000177
a,-1.99e-5,3.75e-5,-0.000701,2.75e-5,-1.48e-5,0.000177,0.000351
