BSLD_pop,1,0.0249,0.0079,0.111,0.00262,-0.0146,0.00292,-0.0708,0.00825
d_pop,0.0249,1,-0.181,0.0777,0.047,0.571,0.53,-0.0332,0.104
g_pop,0.0079,-0.181,1,0.224,0.0168,-0.567,0.104,-0.408,-0.0233
phi_pop,0.111,0.0777,0.224,1,0.0167,-0.0817,0.069,-0.674,0.17
omega_BSLD,0.00262,0.047,0.0168,0.0167,1,0.0145,0.0466,-0.00125,-0.0636
omega_d,-0.0146,0.571,-0.567,-0.0817,0.0145,1,0.232,0.24,0.148
omega_g,0.00292,0.53,0.104,0.069,0.0466,0.232,1,-0.0687,-0.0151
omega_phi,-0.0708,-0.0332,-0.408,-0.674,-0.00125,0.24,-0.0687,1,-0.175
a,0.00825,0.104,-0.0233,0.17,-0.0636,0.148,-0.0151,-0.175,1
