BSLD_pop,0.00971,3.53e-6,2.94e-6,0.0025,1.86e-5,-1.15e-6,6.1e-7,-0.00131,1.59e-5
d_pop,3.53e-6,2.08e-6,-9.84e-7,2.55e-5,4.87e-6,6.56e-7,1.62e-6,-8.99e-6,2.94e-6
g_pop,2.94e-6,-9.84e-7,1.43e-5,0.000193,4.57e-6,-1.71e-6,8.35e-7,-0.000289,-1.72e-6
phi_pop,0.0025,2.55e-5,0.000193,0.0521,0.000274,-1.49e-5,3.33e-5,-0.0289,0.000761
omega_BSLD,1.86e-5,4.87e-6,4.57e-6,0.000274,0.00517,8.32e-7,7.09e-6,-1.68e-5,-8.95e-5
omega_d,-1.15e-6,6.56e-7,-1.71e-6,-1.49e-5,8.32e-7,6.36e-7,3.91e-7,3.59e-5,2.31e-6
omega_g,6.1e-7,1.62e-6,8.35e-7,3.33e-5,7.09e-6,3.91e-7,4.47e-6,-2.73e-5,-6.25e-7
omega_phi,-0.00131,-8.99e-6,-0.000289,-0.0289,-1.68e-5,3.59e-5,-2.73e-5,0.0353,-0.000644
a,1.59e-5,2.94e-6,-1.72e-6,0.000761,-8.95e-5,2.31e-6,-6.25e-7,-0.000644,0.000383
