BSLD_pop,1,0.00734,-0.00357,-0.000252,-0.00559,-0.00144,-0.00386,0.00564
d_pop,0.00734,1,0.206,-0.00373,-0.438,-0.0767,-0.00202,0.17
g_pop,-0.00357,0.206,1,-0.00459,-0.152,-0.29,-0.0216,0.11
omega_BSLD,-0.000252,-0.00373,-0.00459,1,0.00286,0.00452,0.00883,-0.00747
omega_d,-0.00559,-0.438,-0.152,0.00286,1,0.0531,0.00484,-0.188
omega_g,-0.00144,-0.0767,-0.29,0.00452,0.0531,1,0.0411,-0.166
a,-0.00386,-0.00202,-0.0216,0.00883,0.00484,0.0411,1,-0.486
b,0.00564,0.17,0.11,-0.00747,-0.188,-0.166,-0.486,1
