BSLD_pop,1,-0.132,-0.0746,0.0063,0.126,-0.0611,0.0357
d_pop,-0.132,1,-0.125,-0.0747,-0.854,0.531,-0.0337
g_pop,-0.0746,-0.125,1,0.0322,0.15,-0.517,-0.00124
omega_BSLD,0.0063,-0.0747,0.0322,1,0.071,-0.0962,0.00992
omega_d,0.126,-0.854,0.15,0.071,1,-0.566,0.0453
omega_g,-0.0611,0.531,-0.517,-0.0962,-0.566,1,-0.139
a,0.0357,-0.0337,-0.00124,0.00992,0.0453,-0.139,1
