BSLD_pop,1,0.0567,-0.0495,-0.0846,-0.00262,0.0207,0.0104
d_pop,0.0567,1,0.23,0.00371,0.0771,-0.206,-0.0254
g_pop,-0.0495,0.23,1,0.0446,-0.0779,-0.6,0.14
omega_BSLD,-0.0846,0.00371,0.0446,1,0.0344,-0.0343,-0.044
omega_d,-0.00262,0.0771,-0.0779,0.0344,1,-0.00248,-0.394
omega_g,0.0207,-0.206,-0.6,-0.0343,-0.00248,1,-0.249
a,0.0104,-0.0254,0.14,-0.044,-0.394,-0.249,1
