BSLD_pop,0.00899,0.000412,-0.00148,-0.00057,-1.02e-5,0.000579,0.000995
d_pop,0.000412,0.00587,0.00558,2.02e-5,0.000243,-0.00466,-0.00196
g_pop,-0.00148,0.00558,0.1,0.001,-0.00101,-0.0561,0.0446
omega_BSLD,-0.00057,2.02e-5,0.001,0.00505,0.000101,-0.000721,-0.00315
omega_d,-1.02e-5,0.000243,-0.00101,0.000101,0.00169,-3.02e-5,-0.0163
omega_g,0.000579,-0.00466,-0.0561,-0.000721,-3.02e-5,0.0874,-0.0742
a,0.000995,-0.00196,0.0446,-0.00315,-0.0163,-0.0742,1.02
