BSLD_pop,0.0102,-0.000127,-0.00265,4.54e-5,6.3e-5,-0.00239,7.26e-5
d_pop,-0.000127,9.07e-5,-0.000419,-5.07e-5,-4.01e-5,0.00195,-6.45e-6
g_pop,-0.00265,-0.000419,0.123,0.000806,0.00026,-0.0699,-8.77e-6
omega_BSLD,4.54e-5,-5.07e-5,0.000806,0.00508,2.49e-5,-0.00264,1.42e-5
omega_d,6.3e-5,-4.01e-5,0.00026,2.49e-5,2.43e-5,-0.00108,4.49e-6
omega_g,-0.00239,0.00195,-0.0699,-0.00264,-0.00108,0.149,-0.00108
a,7.26e-5,-6.45e-6,-8.77e-6,1.42e-5,4.49e-6,-0.00108,0.000404
